 Not Normalized
r        289.774344
Mass:            74096121914.866579
 n:		m:		C:		S:
  0    0       1.0000000E+00       0.0000000E+00
  1    0       2.1545696E-05       0.0000000E+00
  1    1       1.5030737E-04      -3.1032743E-06
  2    0      -2.8264622E-02       0.0000000E+00
  2    1       1.3719457E-06      -1.3425662E-07
  2    2       2.6969689E-03      -5.3982740E-06
  3    0       8.9859714E-03       0.0000000E+00
  3    1       1.0285039E-03       1.0152399E-03
  3    2       2.1753826E-05       2.2954929E-05
  3    3       2.2414317E-04      -7.7688388E-05
  4    0       1.5945189E-02       0.0000000E+00
  4    1       1.9971884E-04       9.1852075E-04
  4    2      -2.5053033E-04       8.7344928E-05
  4    3      -3.3275479E-05       2.9055773E-06
  4    4       2.3947191E-05       3.4124413E-05
  5    0      -1.9143640E-03       0.0000000E+00
  5    1       2.0713087E-04      -4.1788926E-05
  5    2       3.6788526E-05      -8.8653134E-05
  5    3       5.9700146E-06       2.8704804E-06
  5    4       4.7839427E-06      -1.5029421E-06
  5    5       5.4450798E-07       5.9997348E-07
  6    0      -3.3880350E-03       0.0000000E+00
  6    1       3.5032387E-04      -9.3651971E-06
  6    2       3.4467426E-05      -1.3498088E-05
  6    3       1.0520645E-05      -7.5062734E-06
  6    4      -7.5171068E-07      -9.9541588E-07
  6    5       4.2447140E-08      -1.7527133E-07
  6    6       6.2035740E-08      -2.9571149E-09
  7    0       1.1060811E-03       0.0000000E+00
  7    1       1.2040838E-04       7.8057602E-05
  7    2       1.3391124E-06       2.5729814E-06
  7    3       1.6182732E-07      -8.1730514E-07
  7    4      -1.5426714E-08       1.1347929E-07
  7    5      -7.3838247E-08       1.5887688E-09
  7    6      -6.7912956E-09       7.4592830E-09
  7    7       5.7264210E-09      -2.2932176E-09
  8    0       1.9924695E-03       0.0000000E+00
  8    1      -3.2552709E-05       9.1441477E-05
  8    2      -9.1360420E-06      -2.1637708E-06
  8    3      -1.1504211E-07      -1.0521869E-07
  8    4       2.5182218E-07       3.3518171E-07
  8    5       1.1037901E-08      -9.0236039E-10
  8    6      -4.4425129E-09       2.1164431E-09
  8    7       5.2041887E-10       4.2149283E-10
  8    8      -3.2298182E-10      -4.2343740E-11
  9    0      -5.4894421E-04       0.0000000E+00
  9    1       4.7149152E-05      -2.1427093E-05
  9    2       8.9376456E-07      -2.4713817E-06
  9    3       5.3953971E-07      -4.0371792E-08
  9    4       4.0608634E-08       2.5094798E-09
  9    5       3.0021399E-09      -1.0211212E-09
  9    6       4.3444798E-10      -1.1865438E-09
  9    7      -1.2336575E-10       6.0708084E-11
  9    8      -3.0807775E-12      -1.4343778E-11
  9    9       6.2865656E-12       2.1267974E-12
 10    0      -8.6165487E-04       0.0000000E+00
 10    1       5.7841327E-05      -2.2622954E-05
 10    2       5.4458586E-06      -1.1301784E-06
 10    3       4.4238589E-07      -3.1571314E-07
 10    4      -3.6059980E-08      -3.9925740E-08
 10    5       2.5211157E-10       2.0103880E-09
 10    6       4.5181457E-10      -8.5892274E-11
 10    7       2.1372933E-12      -3.1364198E-11
 10    8       5.9339059E-12      -5.0142399E-13
 10    9      -9.5062020E-13       6.1123682E-13
 10   10      -7.7307293E-14       1.4210425E-13
 11    0       3.4588924E-04       0.0000000E+00
 11    1      -4.4376309E-06       2.0907416E-05
 11    2      -3.9120509E-07       9.7777300E-07
 11    3       3.9030370E-08      -7.4510909E-08
 11    4       1.4166715E-09       3.7520867E-09
 11    5      -1.1807102E-09      -1.6292488E-10
 11    6      -1.6426460E-11       1.4758134E-10
 11    7       1.3131737E-11      -4.9263880E-12
 11    8       2.8477957E-13       6.5865500E-13
 11    9      -2.5612464E-13      -1.4856013E-13
 11   10       1.9908079E-15       3.5053848E-15
 11   11       6.0558103E-15       2.4034420E-15
 12    0       5.4079399E-04       0.0000000E+00
 12    1      -7.4210384E-06       1.9443143E-05
 12    2      -2.5267139E-06       2.9861277E-07
 12    3      -3.8218127E-08       2.6670103E-08
 12    4       1.9066912E-08       1.7898681E-08
 12    5      -2.9088212E-10      -1.5965673E-10
 12    6      -1.0001512E-10      -2.2011393E-11
 12    7       3.2992554E-12       3.7265669E-12
 12    8      -4.9032578E-13       1.4423395E-14
 12    9       5.7885981E-14      -1.4032282E-14
 12   10      -5.7381575E-15      -8.8755685E-15
 12   11       3.3672511E-16       1.3760110E-15
 12   12       1.9542754E-16       3.2630405E-17
 13    0      -2.3624344E-04       0.0000000E+00
 13    1       1.7346841E-05      -8.3650192E-06
 13    2       2.6175090E-07      -1.5789963E-07
 13    3       2.7927785E-08       1.2781996E-08
 13    4       3.2842432E-09      -4.5695865E-10
 13    5       4.8224586E-10       1.5825633E-10
 13    6       2.3299866E-11      -3.5284580E-11
 13    7      -1.8499313E-12       5.1947952E-14
 13    8       9.0455876E-14       6.5410007E-14
 13    9       1.4747075E-14       1.9594470E-14
 13   10       8.4251930E-16      -2.6028822E-16
 13   11      -1.0722732E-16      -1.7414871E-17
 13   12      -1.5158187E-17       2.0295271E-17
 13   13      -9.7254061E-19       1.2694973E-17
 14    0      -3.5345104E-04       0.0000000E+00
 14    1       8.4388905E-06      -6.7607272E-06
 14    2       1.5385390E-06      -3.9738882E-08
 14    3       4.7703253E-08      -3.7102914E-08
 14    4      -5.4200570E-09      -5.1121755E-09
 14    5       6.2227115E-11       7.7047351E-11
 14    6       2.8235202E-11       1.3709002E-12
 14    7      -3.1412103E-13      -6.7937193E-13
 14    8       6.6344483E-14      -5.6278126E-14
 14    9      -7.9088050E-15       3.9148925E-15
 14   10       3.3693789E-16       6.0508472E-16
 14   11      -1.6644881E-17      -5.4250762E-17
 14   12      -3.0765183E-18      -8.7859928E-18
 14   13       5.3526548E-21      -1.3317863E-20
 14   14      -1.3189993E-19       1.8890948E-19
 15    0       1.2912924E-04       0.0000000E+00
 15    1      -4.6527636E-06       7.6079859E-06
 15    2      -2.0008698E-07       2.2180142E-07
 15    3       7.0571632E-09      -1.4648332E-08
 15    4       5.3401687E-10       8.2114201E-10
 15    5      -1.7800840E-10       6.3557586E-12
 15    6      -1.7405026E-12       8.0563333E-12
 15    7       7.1938569E-13       1.4089907E-16
 15    8       6.9003948E-18      -4.3364222E-16
 15    9      -3.3339999E-15      -3.7844664E-15
 15   10      -1.0860471E-16       2.7797333E-17
 15   11       2.5341671E-17       5.4781580E-18
 15   12       6.1765025E-19       1.3710419E-19
 15   13      -1.0462590E-19      -3.6130892E-19
 15   14       4.4108691E-22       1.8341100E-20
 15   15       7.2352163E-21       1.0230687E-20
 16    0       1.9749904E-04       0.0000000E+00
 16    1      -1.0320231E-06       6.9911510E-06
 16    2      -8.1769902E-07      -2.6497914E-08
 16    3      -1.7350516E-08       6.5712258E-09
 16    4       3.1598864E-09       2.1714298E-09
 16    5      -1.7880306E-11      -2.2992634E-12
 16    6      -7.9435653E-12      -3.3363365E-12
 16    7       1.9883751E-13       1.6797507E-13
 16    8      -4.4420996E-15       1.2181036E-14
 16    9       6.6946636E-16      -1.9124287E-16
 16   10      -5.3794272E-17      -1.1044284E-16
 16   11       3.3116158E-18       7.3803472E-18
 16   12       7.2200386E-20       7.1907911E-19
 16   13       1.3084113E-21       3.7547855E-20
 16   14       3.7869891E-21      -7.0283025E-21
 16   15      -7.8037383E-22       8.4820270E-22
 16   16       2.1052352E-23       2.9552279E-22
 17    0      -1.1512577E-04       0.0000000E+00
 17    1       4.3421457E-06      -5.7280128E-06
 17    2       5.3653065E-08      -9.2418391E-08
 17    3       6.8590803E-09       3.0076315E-09
 17    4       3.8785764E-10      -3.6977304E-10
 17    5       7.4800639E-11       1.1498983E-11
 17    6       1.7634623E-12      -2.7541314E-12
 17    7      -1.7754100E-13      -2.3219659E-14
 17    8      -1.1120248E-15      -1.0752163E-15
 17    9       8.6410004E-16       9.1280270E-16
 17   10       3.0279861E-18      -9.1297401E-18
 17   11      -3.1944282E-18      -2.0348340E-18
 17   12      -3.2589591E-21      -8.0584300E-20
 17   13       9.0159960E-21       2.4899910E-20
 17   14      -1.2503761E-21      -2.7686409E-22
 17   15      -1.4093974E-22      -3.3638966E-22
 17   16      -3.6062974E-26       2.3942458E-24
 17   17       2.7657538E-25       3.2272108E-24
 18    0      -1.5243162E-04       0.0000000E+00
 18    1       2.2294126E-06      -3.0381197E-06
 18    2       5.0738445E-07       8.2302936E-08
 18    3       1.4240186E-08      -6.7326822E-09
 18    4      -8.9810939E-10      -8.9341540E-10
 18    5       8.9676898E-12       1.0185426E-11
 18    6       2.6794611E-12       1.2648120E-12
 18    7      -1.5750115E-14      -1.5653525E-14
 18    8       3.4864860E-15      -2.3817996E-15
 18    9      -1.0031608E-16       9.5926049E-17
 18   10       4.0808016E-18       1.9736909E-17
 18   11      -3.9381550E-19      -9.1049548E-19
 18   12       1.4923650E-20      -7.5341193E-20
 18   13      -6.0819658E-22      -2.3580770E-21
 18   14       5.2311569E-23       4.1515065E-22
 18   15       4.3935898E-23      -2.7543638E-24
 18   16      -1.9551237E-25      -4.5204063E-24
 18   17      -2.0287729E-25       1.6552276E-25
 18   18       8.3531862E-27       5.3645961E-26
 19    0       6.1433264E-05       0.0000000E+00
 19    1      -1.3074043E-06       3.8511968E-06
 19    2      -2.8703105E-08       8.7979343E-08
 19    3      -4.6683212E-09      -4.5848578E-09
 19    4       1.5357584E-10       1.7413519E-10
 19    5      -2.8287293E-11       5.5496090E-12
 19    6      -5.8250015E-13       9.1695290E-13
 19    7       7.8353807E-14       7.8596391E-15
 19    8       4.1854241E-16       1.8890579E-16
 19    9      -1.8409739E-16      -2.4338455E-16
 19   10      -1.4339249E-18      -4.2468481E-19
 19   11       6.9495291E-19       3.1103366E-19
 19   12       2.3192510E-21       1.3502694E-20
 19   13      -1.1179747E-21      -2.4936205E-21
 19   14       6.3006846E-23       1.1927282E-23
 19   15       7.1153760E-24       1.6102193E-23
 19   16      -6.5212887E-25       3.0570157E-25
 19   17       4.3601049E-26      -2.7298948E-26
 19   18      -2.1333878E-27       6.2180639E-28
 19   19       2.3932758E-29       3.8382466E-27
 20    0       8.5100796E-05       0.0000000E+00
 20    1      -6.5238671E-07       1.5926864E-06
 20    2      -3.1903940E-07      -6.3167370E-08
 20    3      -5.5922728E-09       1.9606455E-09
 20    4       6.4136443E-10       4.4445115E-10
 20    5       3.3495287E-13      -2.0053777E-12
 20    6      -7.3833628E-13      -5.9297754E-13
 20    7       1.4249214E-14       4.2376307E-15
 20    8      -1.1162320E-15       1.1547309E-15
 20    9       4.3017015E-17      -2.1443342E-17
 20   10      -7.5470035E-19      -4.3393255E-18
 20   11       4.7743161E-20       1.6029303E-19
 20   12      -6.4116400E-22       1.1609262E-20
 20   13      -1.6173544E-22       1.3534254E-22
 20   14      -6.2061252E-24      -4.1195690E-23
 20   15      -3.5014945E-24      -5.8115814E-26
 20   16       1.7195563E-25       2.4973756E-25
 20   17      -1.4893078E-26      -2.7226084E-27
 20   18       3.6076181E-28      -5.5225718E-28
 20   19      -1.4599253E-28      -1.6752299E-28
 20   20      -4.6132970E-29       1.6294048E-29
